-1.57
g =
 [0.1328612051691586, 0.8424816092172287, 186.7617340087891;
 -0.1048375316667271, 0.001463219311317654, 486.4222412109378;
 0.0002541468389892483, -3.799551891974472e-06, 1]

-2.35
g =
 [-0.3534832982070039, 0.7253135815968155, 510.0434265136709;
 -0.06815942484068727, -0.08903308677962241, 524.5535888671869;
 0.00018416658063777, 0.0002401983129224792, 1]

-3.92
g =
 [-0.46373082766843, -0.391328023159111, 901.1663818359388;
 0.05576542651957173, -0.07783323985820123, 386.7452392578139;
 -0.0001504435708675367, 0.0002103010190235412, 1]
